11111111 in, 1111111 11111111.
[1811-1881]

ἰ 11111111, 1. 1., 11 1111111111 in 1111. 1111111. sees. 1111. 1.

11111111111, 1. 11., (111. 1710.1.) 81111110,1., (1111111181.) 11 ·
ὠὴ 11 osteodes: 111111.
“ scissas, 11μ, 11111ρῲ11111 1 superstitione 11111111; 11 1111. 1111111111.
p. ss.
11111111111, 1., ἀνάστασις κυριακὴς 11 1111. 11, 25-111. 0111111111.
11111111, 8., de 11111, 1111111111111 111111. 1111. 1111. 3. [111111.
11111111, 11111111 111111. 1111. 1731. 1.
11111, 11. 11., 1111111 1111111111111111 11111111111 111111111111111113111
11111111Ι 11 8111111111 11111. 11. 8. 01 1. ,

1111111, 11. 1., 1111111111111.111111 11 vitem s 11111 1111111111 11 111111
ese: ι1η111111111111ρ1111111 ete. vites. 1801.1. [crs. Ne. 1187.]
Lindemann, 1., 11. 1. 1111111111111111111ς 1111111111 111111. 1. sus-

11111.111111.111.1.8. 11.
11111111, 8., densissime 111111 quatriduani. Greeing. 10101.
1111111ι,1.11’.11., 1111111111 1111111 1111. 2. 8. 113-151.
1111111, 1. 8., 1ο 1111111111111 111111 11111111111111111111 pes· 11111111.
11 . ,1.
8111111108, ebes. sepes· 1111111111111111 vitem 11111111. vites. 1801. 8.
8111111111, 1., 1111111 11. 1111111 1111111111. 1111111. 1818. 8. 113-117.
Versus, n., 111111111111111111111111111111111 bis 1111111 1111111111
111 usmetun. 11111. 1705.1.

11

111111, 1. 11., ds 1111111ῑί111 11 exornatione sepulcrorum, s scribis 11111·

1111111 11111111. 11117111.
11111,1.1., 11111111111111111111111111 sepulcre prophetemus. 1111111. 11011.
111111, 11., 11111111πί111111111111111111111. Giess. 1111. 1.
Ι111Ν11111ὥο1ῖ1, 1. 8., 11111111111111111111111. 1-11. 1111111117. 1. [811.
1. .

111111, 11., de 111111111ιὶ1 1 Christe 11111111. Vites. 1731. 1.

1111111,1. 1., 1111111111 1111 1111111. 17,17. 1111111111. 1101. 8.

1111111, 11. 8. (1., 11. 1. 81111111511111111 des &stes-3 11 1111. 1. 11111.
11111. 1715. ε.111-11,111-111.

8111111, 8., 11 didrachmis 1111111111 1111111. 1111111. 1701. 1; rep. 111111.
1111111. p. 781-883.

1111111111, 11., (1111111. 1132. 1.) Meyer, 1. 8., (Gryph. 11111111
1111111 censes.
111111111111111,1., (laiss. 1701. 1.) Syl-lies, 1. 1., (11111. 1811. 1.) 11
111111 1111111.
1111111, 8., 11 8111111111. 1111. 1181. 1.
11111111, C. G. 1111181111111111. 11111. 1711. 1.
11111, s., 1. 11111111111111. uem. 1111. 1.
1111111111, 0., de 111111 provincie Romanorum. 1111118111. [1111111311]
0111111111, 11., 111Τ1111ς11111111 111 11111 Jerusalem. 1111111. 1811. 8.
ο11111, 8., 11111111111111 1111311111111111111111. 111111. 1151. 1.
meins, N„ 11 1111111111 velle 11111111. 1111111. 11181. 1.
Sason, 1. 11. 1., 1111111111111111111111111111111. 11111111 1815. 1.
1111111, 11. (1.,1111111111. 1111. 1815. 8.
11111111111111, 1. 8., 11 (11111111. Viteb. 1711. 1. [811111. 701-
ΨιΙΞῗῗὲιξΞΞὶὸ, ¹1:th 111111 city, 11111111. end topographia. 1111111 11111111111.
11. . .

ι111.111111111111.111,-11111111111. 7

 

