· 111 1111111 1111111 01111111111111. m
[111-11111,

11111, 111. W„ 11 111 1111111 11111111111111111111. 11111. 1778. 1.

Ι1111111111111, C. S„ 11111111111. 111111. 11111811111 111111. contro·

1177117777 11 1111111111 1111111111111 111 811111111111111 11 111 „Gw
.0ili·“ (111111 1871. 8.) 1. 1111. 8. 52-57.

1131γί 1ΒΥ 1111111ἑὲἓ11.8111111111111 111 8111111111. 7111111111111111111

1. 1111. . .

11 ι711111, C. W. 1., 1111. 1111111111111 11111111111111. 11111. 1711. 8.

11 111, M„ 11 111111.111111111111111111111111111111 1111111111 1111111111
111111. op. 1111111 111111111111 11. 3. 3.

1111111, A. L‘. F„ 11 vetorum hydrulo3 11 111. 1111111111.811.1111.111111.
8111111. (8111111. 1771. 1.) 7. p. awa.

111111, G. 8., 1111011111, 1111111111111 ι. 81111111. 111111. 1118. 8. ’

7111111111, 1.,(1, 111111111111 (111111111111101111. 11111. 1783. 1.

1

111 , 1. 8., 11 111111 11111111 1111111111 11111111111 1111111111. 111111. 171711
111111.117111717111 ’.1111“;.7111171ἷὶι. 111... a.. n..
’117177717ιὶ 11117871. 8111111 11111111 1111111111. 1111111. 1778. 1.

11111111, 11. 11., 11 ὅργανοφυλακίῳ musico 1111111111111111. Vitob. 1888. 1.
1111111111, 1.1.., 8111111111 1. waram 111111111 1111111111111111.
1117771 11779181, 8111111111 111 11111. 711111. 11111. 1811. 8.

11111,1. 11.,11 1111111 1111111111 in 1111111111. 1711. 1.

11111111, C„ 11 11111111111111111111111111111111. 1111. 1188. 1. .

111, 1. G„ 1111111111111111111111111111. 1-11, 11111. 1781. 1.
stam, F. A„ 111111111111111111111 1111111111. 111111. 1831. 8.
ι11111,1.1., 111. 1. 11111111 111111111111111 81111. 111111. 1787. 8.
11111, Ι1. 1.., 111 111111 11 11111111111111 corps 1111111. 111. 1883. 8.
“·1,8. A. 1111, 1111 1111111111111111111 hominen. ulmj. 1818. 8.

1711111, C. W„ 11111 11 1111111111 111111111111111111111 11111111111111·
1... 111... 111.. 1111. 1. ,

m

1111111, D„ discours 111111111111111. 11111111. 1711. 8.

1111, C. fl„ 11 1111111111, 1111111111, 1111111 11111111 1111111111111 1111111111
orium 11 omentum, 111111111 1111111111. 1111111111, 111. mi. 8.

1111111, Ι. 1., 81111111 11111111111111111111111111. 1111. 1781. 1.

1111111, 11. 1⁸„ 11 1111111 Latinorum 1111111118111. vitel». 1788. 8.

ψ

1117111 10f 11. 1 1111111111 111111 1111111111. 11111 utum 1111111 1111111 11
m. 11 737 1

1111111, 11., 11 effugatione 1111111 1111111, 711111111 1111111111 ‹lo-inmo·
dt 1111111111 . opusc. 1111. 1111111. 1 13. 1.

von-dur, 11. F„ 1111111111111111111111 11 111111 1111111. 1111175111.

α.. 11111111111 11111111111111111111111111111. 1111. 1711. 1.

11111111, G. c„ 111 1. summm 1111111111 81111111 1117111111
111 8111111111 in 1111111111. 1111111. 1753. 1; 111. 111111111111111111
11Ξὶ1ἒΞὩῗῖοὴὲ77717171171171 11 ecelesiis christinam 11 111111 ephon.

 

